	MSG	iNP-MSG	Qcut	iNP-Qcut	SC	iNP-SC
A	0.410606377	0.647184767	0.48838544	0.61938783	0.445773109	0.447993778
A	0.383063728	0.60281609	0.479718552	0.576789778	0.443278337	0.302303879
A	0.40499187	0.513345346	0.412554539	0.517515346	0.326056439	0.405983982
A	0.389259958	0.472275646	0.401473211	0.414154771	0.342828852	0.403474768
A	0.378152603	0.56756637	0.469086767	0.565063292	0.397771429	0.453282811
A	0.375528987	0.622471541	0.491398704	0.578789697	0.383978497	0.313381528
A	0.415734013	0.545836326	0.358871035	0.441921906	0.3208711	0.289969253
A	0.39900796	0.573261427	0.415807347	0.528752841	0.416164829	0.472032489
A	0.455449431	0.697180434	0.48879384	0.624991958	0.468460479	0.531005053
A	0.486788889	0.651313959	0.525726215	0.661262324	0.588486107	0.489134947
A	0.465321357	0.654868863	0.49169334	0.666541163	0.47523646	0.414424649
A	0.457004111	0.589029392	0.519792366	0.518932161	0.454645791	0.469692597
A	0.347864141	0.630973759	0.441404982	0.585022336	0.419092652	0.270750984
A	0.437603376	0.615152275	0.472176883	0.584489173	0.419177871	0.401878622
A	0.437426356	0.557432867	0.456972882	0.493151862	0.460095952	0.112153726
A	0.464071886	0.651068251	0.544510929	0.591438591	0.516951333	0.410040142
A	0.463840654	0.554761319	0.420332478	0.509473811	0.439517326	0.399033294
A	0.374978302	0.515205258	0.458429485	0.547533172	0.396558022	0.458429485
A	0.501989343	0.698728842	0.604824201	0.727026743	0.557066038	0.404608225
A	0.382689122	0.532475098	0.366551681	0.44090923	0.375655088	0.406663559
A	0.422856444	0.612519646	0.461658909	0.563710727	0.427734629	0.388557297
A	0.493883025	0.570188936	0.486723801	0.64298457	0.536667813	0.382730492
A	0.425670025	0.724032007	0.549514642	0.699016377	0.450929599	0.564379764
A	0.350697244	0.464271691	0.373136027	0.422806678	0.350766044	0.335030475
A	0.433353432	0.552272776	0.442362766	0.547804372	0.39675	0.562265292
A	0.453992931	0.5467602	0.474430449	0.607562843	0.517602072	0.471537752
A	0.421817442	0.539893852	0.474031285	0.521479063	0.389848485	0.423622931
A	0.415858889	0.587240872	0.495143509	0.626987508	0.4905	0.256673235
A	0.459122616	0.507798283	0.455492294	0.444775112	0.408846462	0.345206414
A	0.493090205	0.617905045	0.521521255	0.649906977	0.531074712	0.521521255
A	0.456148519	0.536285189	0.391071127	0.543994655	0.442037017	0.260573973
A	0.436055224	0.572058706	0.455376418	0.491217053	0.461117444	0.446212603
A	0.433292112	0.54901671	0.496226099	0.510282466	0.471940205	0.46373336
A	0.473679043	0.589853337	0.479079013	0.533014832	0.456442701	0.440682508
A	0.505414536	0.690012966	0.593470985	0.666010412	0.485973558	0.469655962
A	0.431493483	0.504855668	0.418232025	0.491078494	0.396327544	0.506877204
A	0.601656566	0.849643198	0.699644118	0.712805412	0.656557377	0.647010534
A	0.616727956	0.638413837	0.647821967	0.683079503	0.656675351	0.480568559
A	0.63360436	0.869880599	0.756153488	0.857070143	0.805361007	0.637407786
A	0.671774436	0.817394301	0.777154296	0.809731676	0.759846195	0.751579271
A	0.659782609	0.959968451	0.797502652	0.949818846	0.752541048	0.657522961
A	0.718	0.903138991	0.896140482	0.949410391	0.864695652	0.696376966
A	0.517559313	0.589917794	0.589495485	0.617605204	0.557057875	0.618781055
A	0.551307225	0.704541669	0.658659059	0.639024235	0.507490385	0.575428438
A	0.564381818	0.76854211	0.687479717	0.786060153	0.655516908	0.804638369
A	0.553874206	0.719193338	0.644280942	0.646822116	0.606269148	0.617623148
A	0.636020833	0.8421156	0.691584501	0.845760672	0.702630662	0.691584501
A	0.544170507	0.896296063	0.781667583	0.861425895	0.709786611	0.921902709
A	0.607232632	0.707487353	0.766617254	0.784584291	0.749151515	0.661853359
A	0.602	0.803192289	0.8113617	0.779247557	0.764	0.8113617
A	0.605	0.939033827	0.720155944	0.867462914	0.689	0.795531356
A	0.641	0.741327455	0.728093773	0.773924887	0.773924887	0.483057374
A	0.677418605	0.731786459	0.741989907	0.720510203	0.757035	0.73875932
A	0.646347006	0.739587134	0.682298686	0.730998664	0.694340686	0.677463367
A	0.614883176	0.890898862	0.85757742	0.801049421	0.875315315	0.688067742
A	0.632866451	0.774034267	0.661008087	0.731328176	0.654600241	0.605784996
A	0.603	0.767012449	0.725913536	0.802499927	0.702431177	0.635461117
A	0.590387097	0.711975967	0.637035555	0.75290833	0.669169643	0.637035555
A	0.645351648	0.78199556	0.765957656	0.812937999	0.677081081	0.763439905
A	0.722279245	0.75170401	0.711977403	0.727030968	0.727030968	0.59412104
A	0.550768693	0.696520431	0.646441616	0.654191754	0.617705023	0.441767438
A	0.710127273	0.828623471	0.73565774	0.779208586	0.769148299	0.775620842
A	0.57795698	0.753782095	0.749637557	0.768232008	0.768986209	0.739293684
A	0.612352676	0.815740103	0.596888024	0.801299655	0.705875691	0.570281667
A	0.538	0.830672709	0.79420099	0.936790146	0.822671642	0.79420099
A	0.633153191	0.823163971	0.810296308	0.88841852	0.816641148	0.810296308
A	0.580735661	0.824283682	0.659024741	0.84790522	0.68697678	0.659024741
A	0.575643357	0.843895579	0.749038462	0.8834776	0.660979592	0.748708216
A	0.53614472	0.717313423	0.689728888	0.749814046	0.754141019	0.696213154
A	0.637581882	0.86139034	0.719005471	0.949446289	0.729041667	0.874018888
A	0.596240179	0.595076403	0.75238801	0.75449531	0.70408208	0.716216194
A	0.692	0.913392262	0.926207914	0.903042553	0.903042553	0.926207914
A	0.71001404	0.908795132	0.84150151	0.923069206	0.923069206	0.863705874
A	0.734	0.998014925	0.98448117	1	1	0.98448117
A	0.651	0.944044079	0.845112497	0.876899306	0.851238095	0.863007295
A	0.697	0.731433048	0.700773842	0.914119801	0.70077135	0.82150038
A	0.776011628	0.988291628	0.842727785	0.921025141	0.921025141	0.926583954
A	0.548776614	0.548776614	0.748844741	0.755280899	0.755280899	0.656903292
A	0.776	0.776	0.854	0.776	0.776	0.854
A	0.855987013	0.99605	0.986475316	0.9980125	0.9205	0.986475316
A	0.558264574	0.967276515	0.824821578	0.978580711	0.767458065	0.883076919
A	0.589406593	0.85018268	0.720057357	0.861867385	0.591805497	0.666470578
A	0.625730583	0.867900639	0.83102004	0.838646004	0.838646004	0.83102004
A	0.67764486	0.876823302	0.859160099	0.831245081	0.831245081	0.859160099
A	0.756728407	0.868947629	0.916572474	0.974792383	0.811830586	0.799072333
A	0.667625	0.967383115	0.906610043	0.996029654	0.996029654	0.808165196
A	0.59942332	0.992084722	0.934029412	0.994091912	0.864029412	0.960907617
A	0.719442285	0.797610319	0.829148424	0.679643707	0.780560041	NA
A	0.739442857	0.990175	0.909743544	0.986334722	0.868242718	0.876027088
A	0.784	0.762824457	0.86338806	0.959550958	0.86338806	0.946548644
A	0.659673329	0.632638215	0.825360897	0.886447236	0.821927017	0.742383992
A	0.655722646	0.66752642	0.719006409	0.694	0.694	0.719006409
A	0.730417143	0.784136064	0.897961966	0.832122768	0.932102578	0.897961966
A	0.800827083	0.887983037	0.919247102	0.896951691	0.896951691	0.919247102
A	0.820098765	0.897147546	0.94716013	0.938367089	0.998012658	0.837885056
A	0.728	0.933042553	0.921466098	0.925	0.925	0.921466098
A	0.774	0.866366241	0.831	0.973476611	0.831	0.966248134
A	0.783	0.998009615	0.920358333	0.996046075	0.925019048	0.943152212
A	0.614	0.914176471	0.971986425	1	1	0.971986425
A	0.574	0.912042302	0.742	0.946370861	0.740641711	0.934873457
A	0.788233051	0.750704125	0.844133038	0.856534755	0.85639726	0.844133038
A	0.799807229	0.83265912	0.831806555	0.846854003	0.88359424	0.831806555
A	0.685711111	0.880169884	0.82572711	0.892847866	0.892847866	0.826878687
A	0.743905405	0.743905405	0.84750905	0.876522999	0.876522999	0.799066147
A	0.592739521	0.850080769	0.842768871	0.850611607	0.85060274	0.842768871
A	0.829	0.928	0.926412903	0.955034483	0.955034483	0.926412903
A	0.683882066	0.845985858	0.722190232	0.664788079	0.664788079	0.664015372
A	0.688	0.893703567	0.850304348	0.857	0.857	0.841597619
A	0.739	0.811	0.811	0.811	0.811	0.811
A	0.777	0.777	0.906	0.906	0.906	0.906
A	0.801	0.801	0.902453449	0.801	0.801	0.902453449
A	0.72762807	0.976860053	0.806435611	0.980619514	0.90701087	0.806435611
A	0.79	0.965794872	0.883167796	0.932565254	0.892019048	0.881616717
A	0.601	0.806585859	0.810635135	0.810636364	0.810636364	0.810635135
A	0.589	0.589	0.687862846	0.691716707	0.691716707	0.687862846
A	0.806	1	0.996038835	1	1	0.996038835
A	0.725644951	0.990210119	0.893985915	0.897	0.897	0.893985915
A	0.818	0.958	0.996095238	0.996095238	0.996095238	0.996095238
A	0.657	0.98453851	0.818215686	0.919097649	0.821	0.944589827
A	0.665	0.665	0.791	0.791	0.791	0.791
A	0.502	0.996026393	0.699727494	0.699727494	0.699727494	0.934810163
A	0.719043478	0.719043478	0.81800527	0.824638268	0.824638268	0.81800527
A	0.720317798	0.720317798	0.77111974	0.724370126	0.724370126	0.669095237
A	0.843	1	1	1	1	1
A	0.821	0.835235955	0.972228334	0.923820225	0.996044944	0.972228334
A	0.731	0.731	0.731	0.731	0.731	0.731
A	0.701647215	0.701647215	0.852025603	0.756234266	0.884129854	0.806025603
A	0.597124834	0.730763022	0.896356252	0.750887512	0.781416279	0.896356252
A	0.620390558	0.620390558	0.781215758	0.779042254	0.779042254	0.781215758
A	0.877	1	0.992235294	0.998014706	0.998014706	0.992235294
A	0.737	0.737	0.737	0.737	0.737	0.737
A	0.709696296	0.709696296	0.815421053	0.792515112	0.815830902	0.720018687
A	0.720665049	0.988143168	0.982558647	1	1	0.982558647
A	0.775136735	0.775136735	0.923418292	0.994033418	0.994033418	0.923418292
A	0.849115108	0.849115108	0.852036232	0.855	0.855	0.852036232
A	0.875442857	0.875442857	0.875442857	0.875442857	0.875442857	0.875442857
A	0.756	0.912	1	1	1	1
A	0.757	0.757	0.862228571	0.817214286	0.868014286	0.814428571
A	0.741769811	0.885556522	0.838018519	0.84	0.84	0.838018519
A	0.72	0.804	0.888022233	0.890011364	0.890011364	0.888022233
A	0.79428345	0.79428345	0.954039416	0.982301091	0.982301091	0.954039416
A	0.733	0.892945205	0.978342466	0.927794521	0.982123288	0.927136986
A	0.728367568	0.728367568	0.78266276	0.783273292	0.783273292	0.78266276
A	0.728599338	0.813599338	0.7845	0.784	0.784	0.7845
A	0.763	0.763	0.763	0.763	0.763	0.763
A	0.880459459	0.880459459	0.872403714	0.880459459	0.880459459	0.872403714
A	0.658	0.658	0.757	0.757	0.757	0.757
A	0.768	0.992100014	0.883	0.883	0.883	0.883
A	0.885	1	1	1	1	1
A	0.755	0.755	0.755	0.755	0.755	0.755
A	0.74	0.996014456	0.864483636	0.864483636	0.864483636	0.864483636
A	0.696	0.998008772	0.886	0.886	0.886	0.886
A	0.687	0.908	0.898722222	1	0.908	0.932548387
A	0.895865546	0.996029197	0.998007299	0.895433333	0.895433333	0.998007299
A	0.741	0.906	0.906	0.998010638	0.998010638	0.906
A	0.631716243	0.631716243	0.747065041	0.744328468	0.744328468	0.747065041
A	0.728468918	0.728468918	0.936913493	0.994043668	0.994043668	0.936913493
A	0.82	0.82	0.98836	1	1	0.98836
A	0.649	0.649	0.789263804	0.792	0.792	0.789263804
A	0.594182203	0.992080691	0.990138776	0.994046445	0.994046445	0.990138776
A	0.65	0.65	0.957883811	0.996033898	0.996033898	0.957883811
A	0.794	0.891	0.891	0.891	0.891	0.891
A	0.686670306	0.935945588	0.783	0.785	0.785	0.783
A	0.676869388	0.967299093	0.906383673	0.817056944	0.914933852	0.906383673
A	0.924	0.924	0.998006061	1	1	0.998006061
A	0.907754153	0.886246575	0.990114155	0.992073059	0.992073059	0.990114155
A	0.811	0.811	0.926	0.886125969	0.926	0.932181028
A	0.884	1	0.998007463	1	1	0.998007463
A	0.722325243	0.986202885	0.898896552	0.9067897	0.9067897	0.898896552
A	0.648	1	0.787	0.787	0.787	0.787
A	0.92	0.92	0.9980125	0.9980125	0.9980125	0.9980125
A	0.847	0.998019608	0.996078431	0.998019608	0.998019608	0.996078431
A	0.78	0.855	0.872520539	0.861454545	0.884121212	0.872520539
A	0.733	0.942398734	0.877794355	0.884118852	0.884118852	0.877794355
A	0.621609524	0.984141176	0.907940323	0.91273871	0.91273871	0.907940323
A	0.724	0.8	0.992115108	1	1	0.992115108
A	0.733430799	0.733430799	0.778335365	0.779193517	0.778414323	0.778335365
A	0.670331507	0.868905914	0.921747619	0.939288462	0.939288462	0.921747619
A	0.743634085	0.986358844	0.942	0.942	0.942	0.942
A	0.791	0.791	0.828488676	0.799317073	0.832	0.828488676
A	0.841	0.841	0.998006289	0.998006289	0.998006289	0.998006289
A	0.585	0.585	0.969185586	0.988157868	0.988157868	0.969185586
A	0.726	0.726	0.849	0.849	0.849	0.849
A	0.585	0.585	0.719028986	0.719028986	0.719028986	0.719028986
A	0.875	1	1	1	1	1
A	0.615	0.615	0.872402299	0.873927203	0.873927203	0.872402299
A	0.875	1	0.875	1	0.875	0.875
A	0.587	0.587	0.85447541	0.856	0.856	0.85447541
A	0.880833922	0.880833922	0.998005988	1	1	0.998005988
A	0.893395522	0.893395522	0.887052239	0.890208955	0.890208955	0.887052239
A	0.871	0.871	0.998007752	1	1	0.998007752
A	0.74	0.74	0.855418398	0.85384273	0.85384273	0.855418398
A	0.834	1	1	1	1	1
A	0.785	0.785	0.90444186	0.90444186	0.90444186	0.90444186
A	0.804	0.945	1	1	1	1
A	0.865	1	1	1	1	1
A	0.699345455	0.699345455	0.670582505	0.737878309	0.737878309	0.670582505
A	0.898	0.898	0.998004049	1	1	0.998004049
A	0.618	0.618	0.618	0.618	0.618	0.618
A	0.481	0.481	0.822	0.822	0.822	0.822
A	0.723099078	0.723099078	0.784876321	0.829722428	0.829722428	0.784876321
A	0.616	0.756	0.756	0.756	0.756	0.756
A	0.69	0.998011364	0.69	0.998011364	0.69	0.986556818
A	0.682	0.682	0.998006329	0.939	0.939	0.998006329
A	0.998002793	0.998002793	0.998002793	0.998002793	0.998002793	0.998002793
A	0.886	1	1	1	1	1
A	0.727	0.988214991	0.858448387	0.86	0.86	0.858448387
A	0.782	0.998010101	0.899458716	0.901	0.901	0.899458716
A	0.678	0.678	0.992111888	1	1	0.992111888
A	0.825	0.825	1	1	1	1
A	0.948	0.948	1	1	1	1
A	0.784	0.94137593	0.901777778	0.996032258	0.90487037	0.951629032
A	0.802	0.802	0.857	0.857	0.857	0.857
A	0.619	0.619	0.674	0.674	0.674	0.674
A	0.861408284	0.861408284	0.856668639	0.861408284	0.861408284	0.856668639
B	0.597	0.90402435	0.83952901	0.944237963	0.841	0.943802448
B	0.384495789	0.647653187	0.51214941	0.553786164	0.432811421	0.585821095
B	0.500074074	0.798368025	0.68639798	0.833805705	0.678153957	0.834615975
B	0.427943813	0.702380125	0.649925299	0.716405341	0.643730246	0.685802327
B	0.404270588	0.785433393	0.558013068	0.681111521	0.537432432	0.67805872
B	0.461581818	0.816633891	0.707483545	0.788045995	0.6396	0.763297594
B	0.429515723	0.712054919	0.619926752	0.742427334	0.669148304	0.694497943
B	0.480965283	0.675408435	0.624544299	0.618900588	0.53516538	0.68870385
B	0.445285699	0.807884272	0.640320024	0.730110383	0.581789841	0.78124015
B	0.449	0.849806544	0.72217742	0.804865105	0.630206522	0.767252855
B	0.483435609	0.733329294	0.619108692	0.678322571	0.541699383	0.737343936
B	0.523781818	0.746571462	0.604329116	0.706430852	0.611411507	0.67985777
B	0.420268505	0.716869786	0.60255776	0.639168269	0.611924243	0.666579663
B	0.446496848	0.764295011	0.670497302	0.71900003	0.567866294	0.773382709
B	0.45475641	0.873098485	0.757649884	0.778431987	0.688666206	0.862720574
B	0.487712329	0.701713886	0.649338669	0.6525003	0.51575	0.679750454
B	0.518550884	0.751802944	0.638017966	0.682214575	0.596789725	0.756501781
B	0.487492575	0.735557483	0.64805284	0.697609354	0.579061748	0.742497785
B	0.521231707	0.821160991	0.63370451	0.76174624	0.641120238	0.748411658
B	0.524898551	0.627763038	0.626126148	0.627705191	0.60164	0.598034829
B	0.541637225	0.67466643	0.641272108	0.63985369	0.526605083	0.691147009
B	0.447299107	0.795792132	0.653364106	0.668205849	0.709859563	0.745601508
B	0.488006942	0.745567675	0.580250395	0.760979635	0.582130964	0.60104007
B	0.560494834	0.844068054	0.777326243	0.822587412	0.669058622	0.803186863
B	0.50457423	0.699695948	0.646743815	0.724476913	0.571512195	0.713996922
B	0.449250412	0.558955788	0.516109093	0.539049065	0.552106868	0.60370438
B	0.464710306	0.809152368	0.663706561	0.731264283	0.604723764	0.711013608
B	0.442599743	0.720529124	0.543923182	0.713717414	0.55599001	0.581980393
B	0.57998664	0.792107311	0.704527989	0.799272596	0.662136364	0.712111691
B	0.553032841	0.678561809	0.629427861	0.631755552	0.486466667	0.614257149
B	0.507339876	0.796960068	0.676109484	0.866973874	0.642752212	0.833042249
B	0.444798035	0.707893821	0.662240151	0.649734844	0.506693545	0.673425876
B	0.55215404	0.79089815	0.667509737	0.802687167	0.602465398	0.755725975
B	0.615295359	0.798644572	0.758914146	0.789499031	0.674971945	0.798344867
B	0.526746575	0.705342624	0.636974161	0.723558485	0.606186047	0.712774338
B	0.558219272	0.794878606	0.693382217	0.733449853	0.683224658	0.711587974
B	0.548357157	0.740263801	0.642134145	0.713642014	0.662168262	0.699602055
B	0.749	0.994147541	0.990204208	0.996065574	0.996065574	0.990204208
B	0.660652431	0.946439777	0.83965683	0.910897535	0.840486898	0.917474669
B	0.687502762	0.956010989	0.909095238	NA	0.863	0.946667676
B	0.724	0.986503855	0.941312562	0.971077444	0.902022222	0.954946037
B	0.680065564	0.947620145	0.932578301	0.963558147	0.905574194	0.950170553
B	0.767	0.988326471	0.8640625	0.992186147	0.815	0.94938557
B	0.654	0.984423205	0.898200354	0.891322173	0.802	0.933667792
B	0.582749439	0.980873868	0.9045651	0.968065053	0.85609331	0.918886293
B	0.809655076	0.940727123	0.922762214	0.956263521	0.91802439	0.910744281
B	0.686633894	0.879416247	0.824523249	0.920130515	0.817104354	0.93050007
B	0.6935	0.984574474	0.858743879	0.961	0.961	0.873353288
B	0.816523316	0.889665684	0.955147643	0.910032258	0.910032258	0.922639319
B	0.7925	0.959401663	0.958040816	0.96	0.96	0.958040816
B	0.759	0.893288593	0.914794699	0.879665958	0.918405128	0.879370758
B	0.614611876	0.9276118	0.864835412	0.972048412	0.81	0.945464484
B	0.661495327	0.949407043	0.851544097	0.934454846	0.890526807	0.88618067
B	0.843	0.940886773	0.929501561	0.935	0.935	0.912948485
B	0.626	0.923144428	0.798861367	0.912452182	0.870444242	0.897359188
B	0.623	0.914541158	0.877099549	0.943209595	0.85	0.91033207
B	0.637063063	0.943290473	0.748947431	0.901516949	0.759620915	0.899726746
B	0.702426882	0.830352634	0.912	0.894228865	0.818	0.874183844
B	0.775	0.940560465	0.858	0.984283333	0.858	0.965133919
B	0.625971429	0.894581459	0.85443629	0.8632	0.8632	0.85443629
B	0.748703518	0.888194623	0.906823828	0.967137536	0.871062037	0.928708335
B	0.637921311	0.986356457	0.918241644	0.96530102	0.955507624	0.91683847
B	0.669	0.981136824	0.890328865	0.968571429	0.926	0.952842263
B	0.576	0.912376154	0.797647887	0.900371204	0.803	0.860779277
B	0.77347191	0.880950238	0.938493698	0.956314918	0.9465	0.947187437
B	0.699398798	0.91682012	0.890288269	0.951941721	0.833266667	0.884085983
B	0.657678413	0.850415598	0.867794428	0.908953428	0.897293301	0.869986923
B	0.692018868	0.925057106	0.866086338	0.976050663	0.867467147	0.962424171
B	0.727527273	0.926207222	0.848679855	0.896593522	0.881954545	0.849724188
B	0.614534091	0.767124487	0.890321883	0.82639351	0.828	0.887918782
B	0.687572521	0.832092835	0.826079431	0.770727179	0.742938941	0.823916641
B	0.697	0.941361881	0.893285714	0.994321429	0.819	0.880909417
B	0.624087548	0.912227699	0.891231675	0.989012821	0.898558153	0.975301275
B	0.783	0.9864173	0.843220588	0.996037338	0.849	0.982486553
B	0.723	0.941342466	0.949362832	0.962082192	0.947836066	0.944530218
B	0.654563784	0.92110157	0.932	0.998014706	0.932	0.957093023
B	0.634	0.992167601	0.843016949	0.996030107	0.843016949	0.994055107
B	0.797891892	0.996047619	0.927464516	1	0.929	0.970154762
B	0.708	1	0.78	1	0.78	0.998012821
B	0.69	0.941625427	0.857103448	0.907941159	0.864275862	0.90162602
B	0.733	0.941041806	0.926041806	1	0.93	0.996041806
B	0.864	1	1	1	1	1
B	0.674	0.996058824	0.932025942	0.943544118	0.934014706	0.946643589
B	0.591	0.949057143	0.912850997	0.998014286	0.873	0.983027468
B	0.752	0.943971014	0.866	0.944522631	0.866	0.937496321
B	0.725	0.99602837	0.928014085	0.928014085	0.928014085	0.928014085
B	0.66	0.994111111	0.998012346	1	1	0.998012346
B	0.788	0.996090909	0.959022727	0.998022727	0.959022727	0.966760233
B	0.684	0.980800105	0.976810737	0.940074074	0.940074074	0.976810737
B	0.721316901	0.994090909	0.996040404	0.998010101	0.998010101	0.996040404
B	0.866	1	1	1	1	1
B	0.67	0.952	1	1	1	1
B	0.801	1	1	1	1	1
B	0.853	0.927	0.996040967	1	1	0.996040967
B	0.694	0.996056338	0.988186319	0.996056338	0.996056338	0.988186319
B	0.726	0.992091449	0.835696518	0.960851714	0.85006682	0.971325281
B	0.761	0.998012048	0.837	0.998012048	0.837	0.994108434
B	0.764625984	0.996020943	0.994052193	1	1	0.994052193
B	0.729643293	0.998008475	0.998008475	1	1	0.998008475
B	0.765	0.989125	0.98465812	0.968	0.968	0.98465812
B	0.537	0.913709821	0.914265977	0.938160714	0.920017857	0.928313987
B	0.757	0.973	1	1	1	1
B	0.665	0.974013514	0.972063514	0.996166667	0.996166667	0.972063514
B	0.646	0.992090943	0.982298317	1	1	0.982298317
B	0.786	0.953	0.937927273	0.988016393	0.939459459	0.957606557
B	0.723	0.844617305	0.897589341	0.854	0.909194245	0.897589341
B	0.661	0.956	0.934485075	1	0.936	0.998014286
B	0.682	0.875	0.924	0.863258278	0.924	0.87024183
B	0.852	0.9	0.979375	0.9946	0.9946	0.979375
B	0.812	0.909	0.998010989	1	1	0.998010989
B	0.72	1	0.815	1	0.815	1
B	0.711	1	1	1	1	1
B	0.825	1	1	1	1	1
B	0.779	1	1	1	1	1
B	0.911	1	1	1	1	1
B	0.671	0.996021804	0.984522989	1	1	0.984522989
B	0.811	1	1	1	1	1
B	0.815	1	0.917	1	0.917	1
B	0.855	0.933	0.897014925	0.897014925	0.897014925	0.897014925
B	0.654	1	0.994052006	1	1	0.994052006
B	0.709	1	0.998007752	1	1	0.998007752
B	0.817	0.91	0.998010753	0.998010753	0.998010753	0.998010753
B	0.699	1	1	0.998008403	0.998008403	1
B	0.86	0.921	1	1	1	1
B	0.741	0.928009709	0.914	1	0.914	1
B	0.813	0.903	1	1	1	1
B	0.704743655	0.901427882	0.952913506	0.921132411	0.97722332	0.91379987
B	0.739	0.998009709	0.806	1	0.806	1
B	0.834	1	1	1	1	1
B	0.772	1	1	1	1	1
B	0.753	1	0.836045977	1	0.753	0.994069787
B	0.793	1	1	1	1	1
B	0.707	0.936	0.994090669	1	1	0.994090669
B	0.696508361	0.958006757	0.992072345	0.998010101	0.998010101	0.992072345
B	0.782565104	0.782565104	0.99602381	0.998005952	0.998005952	0.99602381
B	0.715	1	1	1	1	1
B	0.743	0.998083333	0.99475	0.998083333	0.998083333	0.99475
B	0.632	0.94	0.89901087	1	0.901	0.99801087
B	0.747	0.747	0.996065574	1	1	0.996065574
B	0.697	1	0.98818698	1	1	0.98818698
B	0.72	0.959	0.987195122	0.959	0.959	0.987195122
B	0.72	0.994051724	0.793	0.986281609	0.793	0.906093983
B	0.71	0.781	0.963	0.963	0.963	0.963
B	0.82	0.972	0.994078725	1	1	0.994078725
B	0.862345588	0.955005587	0.985	1	1	0.985
B	0.761	1	1	1	1	1
B	0.629	0.998007576	0.739	0.739	0.739	0.739
B	0.762	1	0.998006897	1	1	0.998006897
B	0.88	1	1	1	1	1
B	0.657	1	0.998008403	1	1	0.998008403
B	0.879	1	1	1	1	1
B	0.879	0.879	0.879	0.879	0.879	0.879
B	0.873	1	1	1	1	1
B	0.777	1	1	1	1	1
B	0.693	0.693	0.866009615	0.866009615	0.866009615	0.866009615
B	0.772	1	1	1	1	1
B	0.778	1	0.893	1	0.893	1
B	0.798	1	1	1	1	1
B	0.81	0.901	1	1	1	1
B	0.716	1	1	1	1	1
B	0.846	0.846	0.936307317	0.936307317	0.936307317	0.936307317
B	0.87	0.87	1	1	1	1
B	0.754	1	0.998005587	1	1	0.998005587
B	0.824379679	0.998008547	0.992080836	0.996020595	0.996020595	0.992080836
B	0.888	1	1	1	1	1
B	0.773	0.998009009	0.998009009	1	1	0.998009009
B	0.755	0.755	0.885465306	0.887	0.887	0.885465306
B	0.816	0.932	0.998006329	1	1	0.998006329
B	0.798	0.992198758	1	1	1	1
B	0.508	1	1	1	1	1
B	0.918	1	1	1	1	1
B	0.86	1	1	1	1	1
B	0.678	1	0.901	0.901	0.901	0.901
B	0.851	1	0.998011236	1	1	0.998011236
B	0.855	0.855	0.886	0.886	0.886	0.886
B	0.908	0.908	1	1	1	1
B	0.815	0.815	1	1	1	1
B	0.806	0.806	1	1	1	1
B	0.792	0.964	0.964	0.964	0.964	0.964
B	0.856	0.856	1	1	1	1
B	0.68	0.984952209	0.944132075	0.946047619	0.86047644	0.944132075
B	0.751	1	0.862003663	0.865	0.865	0.862003663
B	0.707	1	0.86	0.86	0.86	0.86
B	0.731	1	1	1	1	1
B	0.869	1	1	1	1	1
B	0.726	1	1	1	1	1
B	0.576	0.576	0.998008264	1	1	0.998008264
B	0.868	1	1	1	1	1
B	0.776	0.776	1	1	1	1
B	0.856	0.856	1	1	1	1
B	0.872	1	0.872	1	0.872	1
B	0.686	0.686	0.855	0.855	0.855	0.855
B	0.873	0.873	0.873	0.873	0.873	0.873
B	0.754	1	0.998007576	1	1	0.998007576
B	0.888	1	1	1	1	1
B	0.752	0.893	1	1	1	1
B	0.753	0.753	0.992137931	0.996034483	0.996034483	0.992137931
B	0.857	0.857	0.857	0.857	0.857	0.857
B	0.717	1	1	1	1	1
B	0.644	0.644	0.985827915	0.984392015	0.984392015	0.985827915
B	0.674	0.674	0.998006897	1	1	0.998006897
B	0.572	0.572	0.572	0.572	0.572	0.572
B	0.868	0.868	0.998007576	1	1	0.998007576
B	0.7	0.7	0.7	0.7	0.7	0.7
B	0.874	0.874	1	1	1	1
B	0.883	1	1	1	1	1
B	0.884	0.884	1	1	1	1
B	0.734	0.734	0.998005	1	1	0.998005
B	0.911	0.911	1	1	1	1
B	0.704	0.704	0.907	0.932948148	0.907	0.92667841
B	0.702	0.702	1	1	1	1
B	0.796	0.796	1	1	1	1
B	0.736	1	1	1	1	1
B	0.651	0.94	1	1	1	1
B	0.548	0.93	0.718	1	0.718	1
B	1	1	1	1	1	1
C	0.736	1	1	1	1	1
C	0.5	0.980534702	0.88860795	0.970303158	0.868979158	0.942318023
C	0.525000164	0.964081086	0.822356001	0.926295428	0.808526964	0.882791524
C	0.523	0.92226305	0.766512589	0.879595707	0.73	0.933507912
C	0.555075223	0.952237143	0.8676611	0.94808664	0.787	0.919652587
C	0.513489362	0.978948138	0.876638087	0.986441081	0.862133803	0.959030723
C	0.527479167	0.978541465	0.868755366	0.984852389	0.766038462	0.971038942
C	0.529016767	0.986509406	0.860877381	0.958806162	0.823529412	0.914119907
C	0.577176471	0.976905684	0.805546286	0.925196535	0.813856226	0.902975059
C	0.568	0.934363795	0.803020358	0.949176899	0.81208	0.937542578
C	0.562268791	0.909738413	0.823960373	0.929886344	0.799558397	0.884147701
C	0.58	0.978775511	0.918559422	0.927712702	0.840489362	0.940987993
C	0.567560502	0.948517333	0.912354507	0.872582341	0.843035714	0.909151766
C	0.574725885	0.897197888	0.799647619	0.933778886	0.709282222	0.927595547
C	0.510480769	0.956117447	0.833995817	0.924085344	0.820106332	0.928914201
C	0.578	0.938547729	0.8876849	0.900379123	0.792	0.926898217
C	0.532696162	0.952625241	0.874122893	0.91085221	0.850111429	0.876885265
C	0.560284522	0.920325156	0.821322764	0.922365608	0.788570175	0.939192392
C	0.557976866	0.895926953	0.782272396	0.845736359	0.738720581	0.836259557
C	0.53269313	0.906447571	0.823628178	0.926522405	0.834101149	0.92002539
C	0.503836695	0.887335919	0.727385844	0.872417438	0.700672353	0.845816788
C	0.634634635	0.914845574	0.86225384	0.833748048	0.784	0.885672077
C	0.529446809	0.90339163	0.826790238	0.944111749	0.738078194	0.944801753
C	0.566	0.909557937	0.922010569	0.886619718	0.787	0.925069096
C	0.571	0.901189351	0.905530032	0.926646584	0.81016	0.926978649
C	0.487641791	0.923290699	0.847603743	0.883679399	0.712	0.929190718
C	0.56227907	0.897341879	0.862536174	0.938641667	0.83469863	0.883061795
C	0.64	0.944273668	0.920488178	0.917679182	0.873	0.942489764
C	0.647551746	0.889111897	0.797816012	0.863109437	0.801303448	0.846449022
C	0.576576577	0.938240722	0.873463262	0.89292695	0.85554902	0.923206786
C	0.545636911	0.948622509	0.878295932	0.911834961	0.831	0.938586353
C	0.564564565	0.881000361	0.90565254	0.880823852	0.879262987	0.928675563
C	0.623871615	0.858900673	0.831947965	0.934609968	0.821731183	0.93115266
C	0.583746269	0.952467808	0.851340389	0.886223947	0.823125	0.893704282
C	0.617617618	0.854521164	0.816719898	0.874580586	0.76276495	0.900548811
C	0.587	0.944958333	0.888	0.952608333	0.857	0.952083333
C	0.568261523	0.886984348	0.827694411	0.850241611	0.757722222	0.844370659
C	0.764	1	1	1	1	1
C	0.683	0.998020408	0.998020408	1	1	0.998020408
C	0.724	0.954	0.953	1	0.953	1
C	0.814	1	0.998022727	1	1	0.998022727
C	0.762	1	1	1	1	1
C	0.817	1	1	1	0.954	1
C	0.755	1	1	1	1	1
C	0.791	0.998017857	0.996071429	1	1	0.996071429
C	0.723	1	0.952	1	0.952	1
C	0.805	1	0.957	0.957	0.957	0.957
C	0.679	0.998018519	0.973	0.972210526	0.973	0.971578947
C	0.754	0.986	1	1	1	1
C	0.594	1	1	1	1	1
C	0.773	1	0.962	0.962	0.962	0.973148148
C	0.671	0.915	0.998018519	1	1	0.998018519
C	0.781	0.98	0.99805	0.99805	0.99805	0.99805
C	0.672	0.998022727	0.947	1	1	0.998018868
C	0.751	0.998027027	1	0.947108108	0.914	1
C	0.677	0.976	0.96990625	0.981621622	0.973	0.979675676
C	0.759	0.9962	0.98	0.957	0.957	0.98
C	0.737	0.97	1	1	1	1
C	0.755409084	0.925920619	0.868892391	0.99713426	0.868142857	0.998280556
C	0.618	1	1	1	1	1
C	0.766	1	1	1	1	1
C	0.699	0.9964	0.974	0.974	0.974	0.974
C	0.767	0.978	1	1	1	1
C	0.721	0.998027027	1	1	1	1
C	0.610610611	0.985433513	0.892579654	0.934565352	0.91909375	0.943405314
C	0.777	0.961	0.954066667	0.988266667	0.956	0.998066667
C	0.717717718	0.957528958	0.950986701	0.981552982	0.952	0.974049764
C	0.786	0.928	0.964821257	0.963	0.963	0.964821257
C	0.622725275	0.929019608	0.90353271	0.996235294	0.908	0.99254902
C	0.664	0.971310345	1	1	1	1
C	0.747	0.973	0.977017857	0.979	0.979	0.977017857
C	0.701	0.929	0.985102564	0.987	0.987	0.985102564
C	0.742	0.936	1	0.979	0.979	1
C	0.849	1	1	1	1	1
C	0.755	1	1	1	1	1
C	0.789	1	1	1	1	1
C	0.662	1	0.928	1	0.928	1
C	0.844	1	1	1	1	1
C	0.735	0.998015873	1	1	1	1
C	0.881	1	1	1	1	1
C	0.801	0.933	1	1	1	1
C	0.856	1	1	1	1	1
C	0.79	1	0.998016949	1	1	0.998016949
C	0.707	1	1	1	1	1
C	0.742	0.948	1	1	1	1
C	0.868	1	1	1	1	1
C	0.84	1	1	1	1	1
C	0.866	0.94	1	1	1	1
C	0.702	0.949	1	1	1	1
C	0.874	1	1	1	1	1
C	0.857	1	1	1	1	1
C	0.807	0.961	1	1	1	1
C	0.694	0.964	1	1	1	1
C	0.697	0.998058824	0.996235294	0.998058824	0.998058824	0.996235294
C	0.757	0.976	1	1	1	1
C	0.676	1	1	1	1	1
C	0.793	0.955	0.976022222	0.976	0.976	0.996166667
C	0.687	0.957	1	1	1	1
C	0.796	1	1	1	1	1
C	0.683	0.923358025	1	1	1	1
C	0.713	1	1	1	1	1
C	0.782	1	1	0.955	0.955	1
C	0.866	1	1	1	1	1
C	0.721221221	0.983483483	0.987487487	0.983483483	0.9825	0.987487487
C	0.85	1	1	1	1	1
C	0.633	0.975	1	1	1	1
C	0.896	0.896	1	1	1	1
C	0.591	1	0.899	1	0.899	1
C	0.76	0.988066017	0.969	0.992	0.992	0.992
C	0.915	1	1	1	1	1
C	0.896	1	1	1	1	1
C	0.9	1	1	1	1	1
C	0.82	1	1	1	1	1
C	0.919	1	1	1	1	1
C	0.813	1	1	1	1	1
C	0.911	1	1	1	1	1
C	0.913	1	1	1	1	1
C	0.899	1	1	1	1	1
C	0.862	0.934	1	1	1	1
C	0.901	0.901	1	1	1	1
C	0.787	0.956	1	1	1	1
C	0.906	0.906	1	1	1	1
C	0.808	1	1	1	1	1
C	0.761	1	1	1	1	1
C	0.759	1	0.827	1	0.827	1
C	0.894	1	1	1	1	1
C	0.927	1	1	1	1	1
C	0.614	1	1	1	1	1
C	0.940940941	0.940940941	0.994994995	0.994994995	0.994	0.994994995
C	0.784	1	1	1	1	1
C	0.777	1	1	1	1	1
C	0.973	0.973	1	1	1	1
C	0.927	0.927	1	1	1	1
C	0.752	1	1	1	1	1
C	0.766	1	1	1	1	1
C	0.803	1	1	1	1	1
C	0.793	1	1	1	1	1
C	0.879	1	1	1	1	1
C	0.909	1	1	1	1	1
C	0.762	0.928	1	1	1	1
C	0.727	0.983	0.998058824	0.996235294	0.996235294	0.998058824
C	0.84	0.84	1	1	1	1
C	0.756	1	1	1	1	1
C	0.706	0.928	1	1	1	1
C	0.844	1	1	1	1	1
C	0.883	1	1	1	1	1
C	1	1	1	1	1	1
C	1	1	1	1	1	1
C	0.883	1	1	1	1	1
C	0.883	1	1	1	1	1
C	0.804	0.914	1	1	1	1
C	1	1	1	1	1	1
C	0.901	1	1	1	1	1
C	1	1	1	1	1	1
C	0.902	0.902	1	1	1	1
C	0.827	1	1	1	1	1
C	0.825	1	1	1	1	1
C	0.887	1	1	1	1	1
C	0.874	1	1	1	1	1
C	1	1	1	1	1	1
C	0.752	1	1	1	1	1
C	0.885	1	1	1	1	1
C	0.923	1	1	1	1	1
C	1	1	1	1	1	1
C	0.697	1	1	1	1	1
C	0.87	0.87	1	1	1	1
C	0.92	1	1	1	1	1
C	0.912	1	1	1	1	1
C	0.923	1	1	1	1	1
C	0.821	1	1	1	1	1
C	0.806	1	1	1	1	1
C	0.742	1	1	1	1	1
C	0.936	0.936	1	1	1	1
C	0.696	1	0.801	1	0.801	1
C	0.927	0.927	1	1	1	1
C	0.95	0.95	1	1	1	1
C	0.787	0.926	1	1	1	1
C	0.85	1	1	1	1	1
C	0.89	1	1	1	1	1
C	0.908	1	1	1	1	1
C	0.851	0.966	0.966	0.966	0.966	0.966
C	1	1	1	1	1	1
C	0.838	1	1	1	1	1
C	1	1	1	1	1	1
C	0.874	1	1	1	1	1
C	1	1	1	1	1	1
C	0.844	1	1	1	1	1
C	1	1	1	1	1	1
C	0.859	1	1	1	1	1
C	0.836	1	1	1	1	1
C	0.898	1	1	1	1	1
C	0.844	1	1	1	1	1
C	0.871	0.871	1	1	1	1
C	1	1	1	1	1	1
C	1	1	1	1	1	1
C	0.741	1	1	1	1	1
C	1	1	1	1	1	1
C	0.713	1	1	1	1	1
C	0.835	1	1	1	1	1
C	0.76	1	1	1	1	1
C	0.855711423	0.99498998	0.99498998	0.99498998	0.993	0.99498998
C	0.796	0.796	1	1	1	1
C	1	1	1	1	1	1
C	1	1	1	1	1	1
C	0.738	0.738	1	1	1	1
C	1	1	1	1	1	1
C	0.891	1	1	1	1	1
C	0.843	1	1	1	1	1
C	0.789	1	1	1	1	1
C	1	1	1	1	1	1
C	0.938	0.938	1	1	1	1
C	0.887	1	1	1	1	1
C	0.723	1	1	1	1	1
C	0.934934935	0.934934935	0.994994995	0.994994995	0.994	0.994994995
C	1	1	1	1	1	1
C	0.857	1	0.857	1	0.857	1
C	0.803	0.803	0.98	0.98	0.98	0.98
